0.0 -0.004
0.013 0.005
0.025 0.017
0.038 0.029
0.05 0.041
0.063 0.053
0.075 0.065
0.088 0.077
0.101 0.089
0.113 0.101
0.126 0.113
0.138 0.125
0.151 0.138
0.163 0.15
0.176 0.162
0.188 0.174
0.201 0.186
0.214 0.198
0.226 0.21
0.239 0.222
0.251 0.234
0.264 0.246
0.276 0.258
0.289 0.27
0.302 0.282
0.314 0.294
0.327 0.307
0.339 0.319
0.352 0.331
0.364 0.343
0.377 0.355
0.39 0.367
0.402 0.379
0.415 0.391
0.427 0.403
0.44 0.415
0.452 0.427
0.465 0.439
0.478 0.451
0.49 0.463
0.503 0.476
0.515 0.488
0.528 0.5
0.54 0.512
0.553 0.524
0.565 0.533
0.578 0.541
0.591 0.549
0.603 0.557
0.616 0.564
0.628 0.572
0.641 0.58
0.653 0.588
0.666 0.596
0.679 0.604
0.691 0.612
0.704 0.62
0.716 0.628
0.729 0.636
0.741 0.644
0.754 0.652
0.767 0.66
0.779 0.668
0.792 0.676
0.804 0.684
0.817 0.692
0.829 0.699
0.842 0.707
0.855 0.715
0.867 0.723
0.88 0.731
0.892 0.739
0.905 0.747
0.917 0.755
0.93 0.763
0.942 0.771
0.955 0.779
0.968 0.787
0.98 0.795
0.993 0.803
1.005 0.811
1.018 0.819
1.03 0.826
1.043 0.834
1.056 0.842
1.068 0.85
1.081 0.858
1.093 0.866
1.106 0.874
1.118 0.882
1.131 0.89
1.144 0.898
1.156 0.906
1.169 0.914
1.181 0.922
1.194 0.93
1.206 0.936
1.219 0.938
1.232 0.939
1.244 0.94
1.257 0.942
1.269 0.943
1.282 0.945
1.294 0.946
1.307 0.948
1.319 0.949
1.332 0.95
1.345 0.952
1.357 0.953
1.37 0.955
1.382 0.956
1.395 0.957
1.407 0.959
1.42 0.96
1.433 0.962
1.445 0.963
1.458 0.964
1.47 0.966
1.483 0.967
1.495 0.969
1.508 0.97
1.521 0.971
1.533 0.973
1.546 0.974
1.558 0.976
1.571 0.977
1.583 0.978
1.596 0.98
1.608 0.981
1.621 0.983
1.634 0.984
1.646 0.985
1.659 0.987
1.671 0.988
1.684 0.99
1.696 0.991
1.709 0.992
1.722 0.994
1.734 0.993
1.747 0.992
1.759 0.99
1.772 0.989
1.784 0.988
1.797 0.987
1.81 0.985
1.822 0.984
1.835 0.977
1.847 0.97
1.86 0.963
1.872 0.956
1.885 0.949
1.898 0.942
1.91 0.935
1.923 0.928
1.935 0.921
1.948 0.915
1.96 0.908
1.973 0.902
1.985 0.895
1.998 0.889
2.011 0.882
2.023 0.876
2.036 0.869
2.048 0.862
2.061 0.856
2.073 0.849
2.086 0.843
2.099 0.836
2.111 0.83
2.124 0.823
2.136 0.817
2.149 0.81
2.161 0.804
2.174 0.797
2.187 0.791
2.199 0.784
2.212 0.778
2.224 0.771
2.237 0.764
2.249 0.758
2.262 0.751
2.275 0.745
2.287 0.738
2.3 0.732
2.312 0.724
2.325 0.715
2.337 0.705
2.35 0.696
2.362 0.687
2.375 0.678
2.388 0.668
2.4 0.659
2.413 0.65
2.425 0.64
2.438 0.631
2.45 0.622
2.463 0.612
2.476 0.603
2.488 0.594
2.501 0.585
2.513 0.575
2.526 0.566
2.538 0.557
2.551 0.547
2.564 0.538
2.576 0.529
2.589 0.519
2.601 0.51
2.614 0.501
2.626 0.49
2.639 0.477
2.652 0.464
2.664 0.452
2.677 0.439
2.689 0.427
2.702 0.414
2.714 0.402
2.727 0.389
2.739 0.376
2.752 0.364
2.765 0.351
2.777 0.339
2.79 0.326
2.802 0.314
2.815 0.301
2.827 0.289
2.84 0.276
2.853 0.263
2.865 0.251
2.878 0.238
2.89 0.226
2.903 0.213
2.915 0.201
2.928 0.188
2.941 0.176
2.953 0.163
2.966 0.15
2.978 0.138
2.991 0.125
3.003 0.113
3.016 0.1
3.028 0.088
3.041 0.075
3.054 0.062
3.066 0.05
3.079 0.037
3.091 0.025
3.104 0.012
3.116 -0.0
3.129 -0.013
3.142 -0.025
3.154 -0.038
3.167 -0.051
3.179 -0.063
3.192 -0.076
3.204 -0.088
3.217 -0.101
3.23 -0.113
3.242 -0.126
3.255 -0.139
3.267 -0.151
3.28 -0.164
3.292 -0.176
3.305 -0.189
3.318 -0.201
3.33 -0.214
3.343 -0.226
3.355 -0.239
3.368 -0.252
3.38 -0.264
3.393 -0.277
3.405 -0.289
3.418 -0.302
3.431 -0.314
3.443 -0.327
3.456 -0.339
3.468 -0.352
3.481 -0.365
3.493 -0.377
3.506 -0.39
3.519 -0.402
3.531 -0.412
3.544 -0.421
3.556 -0.43
3.569 -0.44
3.581 -0.449
3.594 -0.459
3.607 -0.468
3.619 -0.477
3.632 -0.487
3.644 -0.496
3.657 -0.506
3.669 -0.515
3.682 -0.524
3.695 -0.534
3.707 -0.543
3.72 -0.553
3.732 -0.562
3.745 -0.571
3.757 -0.581
3.77 -0.59
3.782 -0.6
3.795 -0.609
3.808 -0.618
3.82 -0.628
3.833 -0.637
3.845 -0.647
3.858 -0.656
3.87 -0.665
3.883 -0.675
3.896 -0.684
3.908 -0.693
3.921 -0.701
3.933 -0.708
3.946 -0.716
3.958 -0.724
3.971 -0.732
3.984 -0.74
3.996 -0.748
4.009 -0.756
4.021 -0.764
4.034 -0.772
4.046 -0.78
4.059 -0.788
4.072 -0.796
4.084 -0.804
4.097 -0.812
4.109 -0.82
4.122 -0.828
4.134 -0.836
4.147 -0.844
4.159 -0.852
4.172 -0.86
4.185 -0.868
4.197 -0.876
4.21 -0.884
4.222 -0.892
4.235 -0.897
4.247 -0.902
4.26 -0.906
4.273 -0.91
4.285 -0.915
4.298 -0.919
4.31 -0.923
4.323 -0.927
4.335 -0.932
4.348 -0.936
4.361 -0.94
4.373 -0.941
4.386 -0.942
4.398 -0.944
4.411 -0.945
4.423 -0.946
4.436 -0.948
4.448 -0.949
4.461 -0.95
4.474 -0.951
4.486 -0.953
4.499 -0.954
4.511 -0.955
4.524 -0.957
4.536 -0.958
4.549 -0.959
4.562 -0.96
4.574 -0.962
4.587 -0.963
4.599 -0.964
4.612 -0.966
4.624 -0.967
4.637 -0.968
4.65 -0.969
4.662 -0.971
4.675 -0.972
4.687 -0.973
4.7 -0.975
4.712 -0.976
4.725 -0.977
4.738 -0.978
4.75 -0.98
4.763 -0.981
4.775 -0.982
4.788 -0.983
4.8 -0.985
4.813 -0.986
4.825 -0.987
4.838 -0.989
4.851 -0.99
4.863 -0.991
4.876 -0.992
4.888 -0.994
4.901 -0.995
4.913 -0.994
4.926 -0.989
4.939 -0.984
4.951 -0.978
4.964 -0.973
4.976 -0.967
4.989 -0.962
5.001 -0.956
5.014 -0.951
5.027 -0.945
5.039 -0.94
5.052 -0.934
5.064 -0.929
5.077 -0.923
5.089 -0.918
5.102 -0.912
5.115 -0.907
5.127 -0.901
5.14 -0.896
5.152 -0.89
5.165 -0.885
5.177 -0.879
5.19 -0.874
5.202 -0.867
5.215 -0.86
5.228 -0.852
5.24 -0.844
5.253 -0.837
5.265 -0.829
5.278 -0.822
5.29 -0.814
5.303 -0.807
5.316 -0.799
5.328 -0.791
5.341 -0.784
5.353 -0.776
5.366 -0.769
5.378 -0.761
5.391 -0.754
5.404 -0.746
5.416 -0.738
5.429 -0.731
5.441 -0.723
5.454 -0.716
5.466 -0.707
5.479 -0.697
5.492 -0.686
5.504 -0.675
5.517 -0.664
5.529 -0.654
5.542 -0.643
5.554 -0.632
5.567 -0.621
5.579 -0.611
5.592 -0.6
5.605 -0.589
5.617 -0.579
5.63 -0.568
5.642 -0.557
5.655 -0.546
5.667 -0.536
5.68 -0.525
5.693 -0.514
5.705 -0.503
5.718 -0.493
5.73 -0.482
5.743 -0.471
5.755 -0.461
5.768 -0.45
5.781 -0.439
5.793 -0.428
5.806 -0.418
5.818 -0.407
5.831 -0.396
5.843 -0.385
5.856 -0.375
5.868 -0.364
5.881 -0.353
5.894 -0.343
5.906 -0.332
5.919 -0.321
5.931 -0.31
5.944 -0.3
5.956 -0.289
5.969 -0.278
5.982 -0.267
5.994 -0.257
6.007 -0.246
6.019 -0.235
6.032 -0.225
6.044 -0.214
6.057 -0.203
6.07 -0.192
6.082 -0.182
6.095 -0.171
6.107 -0.16
6.12 -0.149
6.132 -0.139
6.145 -0.128
6.158 -0.117
6.17 -0.107
6.183 -0.096
6.195 -0.085
6.208 -0.074
6.22 -0.064
6.233 -0.053
6.245 -0.042
6.258 -0.031
6.271 -0.021
